"V1" "V2" "V3" "V4" "V5" "V6" "V7" "V8" "V9"
"1" 0.00101663207159043 0.000292418087753854 0.000281042867771813 0.00060530075750371 0.000543880154599416 -0.00012731394407451 0.000488424969298849 2.09499136277014e-05 0.000160038071346982
"2" 0.000292418087753854 0.0019230295473042 -0.000532661474254662 0.000578177628830568 -0.00105734472417513 0.00168698039756533 1.69344416666535e-06 0.00140761294010128 -0.000752669822309561
"3" 0.000281042867771813 -0.000532661474254662 0.00171388752445168 -0.000181886121937986 0.00170834649392874 -0.000581042617112775 7.46419194573982e-05 -0.000806862614890995 0.00139248302035377
"4" 0.00060530075750371 0.000578177628830568 -0.000181886121937986 0.000894411765135802 -0.000198354551187571 0.00052059235553152 0.00059898905316453 0.000519750854148269 -0.000268144122755677
"5" 0.000543880154599415 -0.00105734472417513 0.00170834649392874 -0.000198354551187571 0.00429468242937142 -0.00306796788721069 0.00050405954549931 -0.00139393985443528 0.00176236055638716
"6" -0.00012731394407451 0.00168698039756533 -0.000581042617112775 0.00052059235553152 -0.00306796788721069 0.00376363740288288 -0.000313559627016296 0.00172131582857161 -0.000799548042104917
"7" 0.000488424969298849 1.69344416666527e-06 7.46419194573983e-05 0.00059898905316453 0.00050405954549931 -0.000313559627016296 0.000930874896489777 0.000137542549191052 5.45796843752156e-05
"8" 2.09499136277015e-05 0.00140761294010128 -0.000806862614890995 0.000519750854148269 -0.00139393985443528 0.00172131582857161 0.000137542549191052 0.00167470532251019 -0.000865424720990692
"9" 0.000160038071346982 -0.000752669822309561 0.00139248302035377 -0.000268144122755677 0.00176236055638716 -0.000799548042104917 5.45796843752156e-05 -0.000865424720990692 0.00167529580654543
